0.0524004
0.122192
0.143385
0.194157
0.2182
0.218347
0.24931
0.256536
0.264188
0.297664
0.305773
0.320991
0.33164
0.325729
0.352765
0.401712
0.353292
0.41986
0.396013
0.344859
0.397436
0.392367
0.431556
0.37825
0.421545
0.445847
0.421754
0.414152
0.45276
0.484525
0.432229
0.458277
0.495747
0.486172
0.467489
0.475828
0.453514
0.469085
0.474931
0.473487
0.503499
0.495259
0.500069
0.539751
0.49585
0.46215
0.554597
0.533196
0.498764
0.501823
0.522568
0.547328
0.525104
0.481484
0.528102
0.535253
0.448435
0.47433
0.482715
0.440453
0.481468
0.495931
0.582596
0.454634
0.442087
0.387645
0.466571
0.492777
0.407699
0.466158
0.540688
0.455305
0.450504
0.417701
0.454116
0.455311
0.377287
0.447122
0.438584
0.38699
0.480679
0.448518
0.390501
0.425213
0.409533
0.369697
0.364514
0.335058
0.305345
0.291331
0.304948
0.288944
0.260697
0.248374
0.213111
0.213906
0.188242
0.160924
0.123429
0.0447582
